1
   @A@@@@@@@@@@@@@@@@@@@@7A@@  
   02000000006111111111114000  
   0200000000200000000000000>  
   020000000020              
   020000000020  
   061111111140  
   020         
   020  
   020  
   020  
   020  
   020  
   020  
   020                        
   020@@@@@@@@@@@@@@@@@@@@@@@  
   0200000000000000000001111>  
   03111111111111111150000000  
                     2       
 @@@@@@@@@@@@@@@@@@@@2  
 <11111115000000000002  
 000000002000000000002  
 00000000311115 611114  
             02 20           
   @A@@@@@@@@02 20@@@@@@@@@  
   000000000002A2000000000>  
   061111111114140          
   020000000000000  
    2              
      
